0.02318406105041503906 500
0.09023094177246093750 1000
0.22075486183166503906 1500
0.36820912361145019531 2000
0.55815505981445312500 2500
0.79924702644348144531 3000
1.11592793464660644531 3500
1.43748688697814941406 4000
1.80572605133056640625 4500
2.23587894439697265625 5000
2.73324513435363769531 5500
3.22937178611755371094 6000
3.83003711700439453125 6500
4.40403485298156738281 7000
5.04874086380004882812 7500
5.74102497100830078125 8000
6.44641590118408203125 8500
7.26104402542114257812 9000
8.06052708625793457031 9500
9.01135396957397460938 10000
9.86673998832702636719 10500
10.88515686988830566406 11000
11.80201578140258789062 11500
13.31682300567626953125 12000
14.07918810844421386719 12500
15.12454986572265625000 13000
16.23516893386840820312 13500
18.75809907913208007812 14500
20.57719683647155761719 15000
23.07887101173400878906 15500
26.05900120735168457031 16000
28.32870483398437500000 16500
27.96653699874877929688 17000
30.63632512092590332031 17500
35.91144609451293945312 18000
41.35455894470214843750 18500
37.59229087829589843750 19000
36.66514587402343750000 19500
46.99928283691406250000 20000
48.05686521530151367188 20500
49.03114223480224609375 21000
48.34113883972167968750 21500
51.36174988746643066406 22000
50.47503209114074707031 22500
57.00579905509948730469 23000
54.77520704269409179688 23500
57.99381899833679199219 24000
59.81398797035217285156 24500
63.09121489524841308594 25000
65.20012116432189941406 25500
