0.00023388862609863281 2000
0.00048804283142089844 4000
0.00076293945312500000 6000
0.00108194351196289062 8000
0.00119400024414062500 10000
0.00139403343200683594 12000
0.00164890289306640625 14000
0.00187492370605468750 16000
0.00228309631347656250 18000
0.00260806083679199219 20000
0.00266408920288085938 22000
0.00280404090881347656 24000
0.00308489799499511719 26000
0.00328898429870605469 28000
0.00355410575866699219 30000
0.00382995605468750000 32000
0.00403690338134765625 34000
0.00424695014953613281 36000
0.00452804565429687500 38000
0.00479197502136230469 40000
0.00499701499938964844 42000
0.00533199310302734375 44000
0.00550603866577148438 46000
0.00572896003723144531 48000
0.00596189498901367188 50000
0.00615191459655761719 52000
0.00650787353515625000 54000
0.00668597221374511719 56000
0.00696611404418945312 58000
0.00709009170532226562 60000
0.00741600990295410156 62000
0.00756192207336425781 64000
0.00790309906005859375 66000
0.00809383392333984375 68000
0.00836586952209472656 70000
0.00859308242797851562 72000
0.00902891159057617188 74000
0.00927400588989257812 76000
0.00964212417602539062 78000
0.01050901412963867188 80000
0.01096105575561523438 82000
0.01061987876892089844 84000
0.01037979125976562500 86000
0.01086997985839843750 88000
0.01513600349426269531 90000
0.01201295852661132812 92000
0.01135897636413574219 94000
0.01154279708862304688 96000
0.01200914382934570312 98000
0.01669192314147949219 100000
