0.006269931793213 200
0.024123907089233 400
0.048504829406738 600
0.091036081314087 800
0.137784004211426 1000
0.197690963745117 1200
0.276451110839844 1400
0.340735197067261 1600
0.442135095596313 1800
0.536126136779785 2000
0.649950981140137 2200
0.776387214660645 2400
0.875016927719116 2600
1.033900022506714 2800
1.240155220031738 3000
1.356333017349243 3200
1.512969017028809 3400
1.753178119659424 3600
2.027218818664551 3800
2.087907075881958 4000
2.375542163848877 4200
2.589685201644897 4400
2.791812896728516 4600
3.082291841506958 4800
3.321611881256104 5000
3.580596923828125 5200
3.857239007949829 5400
4.183063030242920 5600
4.447871923446655 5800
4.789242029190063 6000
5.071398973464966 6200
5.438240051269531 6400
5.672681808471680 6600
6.057051181793213 6800
6.547369956970215 7000
7.346942186355591 7200
7.735134124755859 7400
7.802554130554199 7600
8.100331068038940 7800
8.510222196578979 8000
9.075103998184204 8200
9.507927894592285 8400
10.439833164215088 8800
10.950443983078003 9000
11.497916936874390 9200
11.897083044052124 9400
12.331837892532349 9600
12.956377983093262 9800
13.337044000625610 10000
15.549841880798340 10200
14.352401971817017 10400
15.604521036148071 10600
15.832652091979980 10800
17.447458028793335 11000
