0.000014066696167 1000
0.000015974044800 2000
0.000009059906006 3000
0.000028133392334 4000
0.000007867813110 5000
0.000011205673218 6000
0.000015020370483 7000
0.000010013580322 8000
0.000010013580322 9000
0.000016927719116 10000
0.000010013580322 11000
0.000009059906006 12000
0.000086069107056 13000
0.000009059906006 14000
0.000009059906006 15000
0.000149011611938 16000
0.000014066696167 17000
0.000011920928955 18000
0.000010013580322 19000
0.000009059906006 20000
0.000033855438232 21000
0.000009059906006 22000
0.000009775161743 23000
0.000013113021851 24000
0.000010013580322 25000
0.000010013580322 26000
0.000014781951904 27000
0.000015974044800 28000
0.000028848648071 29000
0.000011920928955 30000
0.000010013580322 31000
0.000015020370483 32000
0.000008821487427 33000
0.000012159347534 34000
0.000010013580322 35000
0.000010013580322 36000
0.000010967254639 37000
0.000010013580322 38000
0.000011920928955 39000
0.000010013580322 40000
0.000008821487427 41000
0.000010013580322 42000
0.000010013580322 43000
0.000012874603271 44000
0.000010967254639 45000
0.000011920928955 46000
0.000012159347534 47000
0.000010013580322 48000
0.000010013580322 49000
0.000013113021851 50000
